0.980382
0.452261
0.202443
0.093660
0.043708
0.019868
0.009214
0.004269
0.001971
0.000910
0.000421
0.000192
0.000085
0.000039
0.000018
0.000007
0.000004

0.591909
0.280173
0.133600
0.064044
0.030419
0.014527
0.006907
0.003265
0.001514
0.000715
0.000336
0.000157
0.000073
0.000033
0.000015
0.000006
0.000003

0.756289
0.376415
0.188426
0.094323
0.046695
0.023408
0.011662
0.005806
0.002903
0.001452
0.000726
0.000365
0.000193
0.000098
0.000048
0.000025
0.000013

1.344584
0.606308
0.265046
0.119434
0.055170
0.024214
0.010842
0.004794
0.002164
0.000934
0.000425
0.000184
0.000083
0.000036
0.000015
0.000006
0.000003


0.121715
0.056826
0.026641
0.012500
0.005899
0.002806
0.001334
0.000637
0.000304
0.000144
0.000069
0.000033
0.000016
0.000008
0.000004
0.000002
0.000001

0.246237
0.116327
0.055560
0.026635
0.012637
0.006069
0.002837
0.001367
0.000629
0.000294
0.000138
0.000064
0.000031
0.000014
0.000007
0.000004
0.000001

0.733605
0.368460
0.182982
0.091175
0.045819
0.022908
0.011470
0.005723
0.002859
0.001418
0.000715
0.000357
0.000179
0.000091
0.000046
0.000024
0.000012

0.266522
0.121665
0.056477
0.026019
0.012264
0.005660
0.002626
0.001215
0.000557
0.000258
0.000113
0.000051
0.000026
0.000011
0.000005
0.000003
0.000001

Hello, World!
